6.327920332
6.438228198
6.030351734
5.96507944
6.003817538
5.988993043
6.022193274
5.925823033
5.96650888
5.98230371
6.307853491
6.029952374
5.9757776840000005
5.913194906
6.091912762
6.036358328
5.982338719
6.035499248
5.956989689
5.970920008
5.938942635
5.942083443
5.95696024
5.98127439
5.997289242
6.05665877
5.918371454
6.082568629
6.141323772
5.9506365720000005
5.959294967
6.237806440000001
6.000064991
5.960881785
6.268231653
6.054350997
5.9577648110000005
5.966094571
5.976868455
5.944786346
6.069124991
6.309579212
5.936171474
6.348032476
5.925998427000001
6.037993786
5.916712653
5.903364979
6.115830668000001
6.432370389
6.525363234
6.013081665999999
6.199662143
6.187101973
6.058305193
6.036532678
5.934963081
6.128011541
6.903369748
6.165509098
5.9793528160000005
6.011083885
6.004047472
5.984274326
5.882823694
5.948175118
6.279089324
6.028224468
5.981683355
6.012397482
5.948496012
6.1380313300000005
6.330578046
6.071413309
6.152096782
5.976480765
5.895640157
5.903084151
5.931046022
5.903976393
5.97407917
5.977797548
5.913292316
6.300611636
5.995066321
6.24764883
5.989086748
5.981265315
6.087505654
6.024311179
6.259955789
6.746754558
6.686139915
5.957858131
5.93098119
5.998393878
5.978888296
5.876091999
6.031784084
5.896651009
5.896082243
5.934155423
5.96181803
5.886438775
5.913814436
6.003014529
6.055548827
5.985742689
5.9272287630000005
6.30535637
6.065720092
6.33064043
6.02064111
5.98859021
6.104552359
6.232621949
5.931251044
5.939103117
5.912044014
6.013835431
5.941270587
5.894684936
5.9647245060000005
5.906883298
6.149575452
6.184765551
6.021305031
5.923426409
6.239683239999999
5.916580211
6.141470475
6.30437327
5.956981432
5.970765351
6.219177542
6.520045334
6.127753401
6.012343585
5.963742912
5.859529601
6.042107292
6.035187486
5.9758484030000005
5.979109667
5.975868619
5.894137045
6.194068992
6.22574814
5.922021822
5.943381713
6.249778438
5.896545901
5.925320555
6.139077186
6.035497162
5.903306912
5.900969378999999
5.987685966
6.1361283
6.049642348
6.350589657
6.158520455999999
6.334553985
5.959946304
5.980366952
5.938494887
6.251573825
5.940137643
5.944437375
5.964941854
6.104769649
6.03370189
6.030938393
6.049395408
6.203114291
5.938196424
5.943950687
6.065702261
6.621676485
6.954576879000001
6.193416207
6.066961028
6.172726265
6.064351307
6.73378956
6.034421722
6.268397679
5.996168187
6.122687424
6.258998984
6.285900258
5.973660669
6.074737036
5.944676438
5.88990164
5.99431012
5.972852683
5.863353165
5.975555787
6.058232877
6.234482895
5.988436517
6.088404987
6.531405242
6.286052167
6.192695005
5.915628624
6.221648702
6.174278247
5.902572207
6.253110292
6.237496215
6.029413188
6.128522238
6.177906388
6.022483917
6.249600915
6.149469673
5.998116861
6.095982361
6.111712533
5.932797215
6.383310365999999
6.164577563
6.176395992
6.086864961
6.193887737
6.18336826
6.152191103
6.162839401
5.99638905
6.180661911
6.303262277
6.279488539
6.181067153
6.348809941
6.206766775
6.231928855
6.103490849000001
6.156760582
6.478561619
6.282308463
6.334802316
6.241957191
5.982810327
5.969927312
6.113259563
6.011269414
6.373602983999999
5.905358427
6.304121846
6.096807467
6.212907845
6.173619879
6.154171543
6.47347297
6.20986508
6.079126466
5.971270804
6.281756291
