6.184423524
6.39937976
6.051736315
6.04164569
6.53213809
7.913157383
7.48330964
9.000126286
6.9437308600000005
6.930744086
7.043804404
6.629556201
6.774010228
7.012589722
7.004075765
6.677690545
6.608331348
6.544447970000001
6.549309456
6.596714991
6.655934385
6.913106177
6.536406161
6.574816042
7.292143306
6.8109280860000005
6.847069607
7.149356721
10.730112552
9.764058934999998
9.889707816
9.754897182
9.138666352
9.159978639
9.335799626
9.39353854
9.358902204
9.211021228
9.31084576
9.376586779
9.120822434
9.00711829
9.213561487
9.146030457
9.125391354
9.164689088
9.21495141
9.708129191
9.362659329
9.630527835
11.271294777
9.250825046999998
9.670973824
9.183903798
9.264185939
9.157941313
9.161365269
8.942604937
9.099311509
9.024851848
9.234995256
9.024713226
9.146267929
9.056755352
9.108542921
9.169685137
8.994776536
9.01212908
9.119951939
9.130220885
9.085485158000001
9.302181666
9.152919342
9.363881143
9.154910460000002
9.157049203
9.100280733
9.177899672
9.264954866
9.116101096
9.144838696
9.064352142
9.087831191
9.109760469
9.131841478
9.215078962
8.997169551
9.133648946
9.093706857
9.18858823
9.067654412000001
9.788720671
9.164530474
9.121686196
9.049646501
9.078930301
9.182688555
9.364369507
9.095442874
9.026305335000002
9.14494153
9.310739267
9.056494009
9.330369695
9.102886473
9.110948172
9.117865262
9.129790183
9.209764086
9.330354431
9.252363187
9.240485776
9.140741505
9.443766977
9.117562698
9.340789506999998
9.317384084
9.404437833
9.323581147
9.279136711
9.449085069
9.180142318
9.244247744
9.392197342
9.464157066
9.175198643
9.613908725
9.437394629
9.124355134
9.047421286
9.255797655000002
9.262874878
9.777139084
9.46427575
9.412288863
9.581844471
9.697574963
9.690250442
9.560814937000002
9.660028521000001
9.72133639
9.604140918999999
9.812709483
9.567842778
9.566806802
9.266960607
9.311934982
10.121849478
9.437196563
9.491012664
8.34516793
6.415827407
7.152856698
8.083279126
7.296849208
7.432610111
7.087270961
6.505178755
6.196868805
6.329377449
6.763173664
6.404351332
6.458681352
9.29206131
7.442256639
7.056542461
7.082896068
6.206654762
6.358478466
6.787347271
7.413336759
6.763954345
6.186053518
5.997498397
6.022851075
6.061834385
6.567739532
6.691681709
6.596441739
6.369749588
6.944328948
6.512569936000001
6.1459283870000005
6.199311208
5.966802026
6.044645988
6.144516718
6.4150282480000005
6.463636128999999
6.532019908
6.083640369
6.288372792
6.174710004
6.167091728
6.115104098000001
6.329430717
6.188304883
6.328563272
6.390773366
6.506676898
6.137248533
6.048480479
6.210229613
6.194162809
6.156459792
6.174623619
6.2754704210000005
6.088438379
6.351695903999999
6.117645482
6.155272266
6.317428431
6.39406133
6.190914592
6.463205945
7.6962111
6.685681333
7.225592067
6.273555018000001
6.37016837
6.188825655
6.50774902
6.006592254
6.363649553
6.503085168999999
6.2087758289999995
6.161812423
7.399701055
7.017491719
6.245800463
6.09151827
7.306602823
6.757688141
6.28207668
6.792659028
7.122133805
6.578203814
6.232129295
7.889040095
6.861368266
6.493131208
6.272254362
6.023847032
6.021106039
6.046929138
6.81612478
7.705386278
6.516759122
6.090770897
6.343762549
6.874698283
6.454082797
6.189365321
6.4927133040000005
6.209266927
6.220656391
6.023441415
6.53167799
6.085888555
6.098951537
6.040398324
6.90615564
6.481689002
6.632993479
6.259657637
6.453817405
6.141658036
6.558793797
6.530448721
6.679431946
6.21638649
6.578890508
6.058746482
6.051284737
6.114929689
5.988025725
6.023128714
6.063979363
6.390487855
6.400820334
6.507135934000001
6.225435013
6.171330621
6.573321976
6.148685288
6.481308734
5.98583486
6.09611233
6.509544262
6.193322088
6.260768162
6.22959617
6.09677154
6.627808786
6.217802278
6.093854558
6.16728831
6.125297802
6.097111648
5.986625067
6.085420657
6.054196115
6.005829446
6.013698045
6.113591614
6.329124798
6.513735828
6.322634822
6.289842556
6.224891597
6.071459604
6.084944149
6.135314559
6.091544527
6.020296692
6.436673568
6.089452485
6.175925882
6.326324382
6.120529424
6.105552017
6.547803013
6.559857583
6.098916107
6.241236791
6.094640425
6.241942154
6.075802623
6.105859629
6.153776826
6.157516085
6.345191968
6.527225716
6.773162821
6.597045433
6.277071738
6.236168534
6.1420787
6.299998933
6.336092948
6.244504102
6.314275569
6.203232417
6.248578992
6.166400351
6.150341482
6.18721316
6.098651571
5.964974965
5.978942838
6.138607788
6.040039231
6.010088598
6.162564851
6.082819796
6.001009033
6.220862044
6.107345824
6.145711665
6.024534485
5.919967096
6.197581235
6.072691763
6.153970821
6.283759419
6.014798289
6.192610614
6.272627056
6.09518902
6.30840448
6.029490549
6.35405405
6.236735495
6.139254258
6.103781728
6.088829138
6.1240463
6.498285264
6.41152485
6.42234736
6.448598405
6.228798767
6.129328956
6.065048959
6.204065702
6.891167341
6.171071077
6.470809701
6.584585013999999
6.638153625
6.488157777
6.737596469
6.273624791
6.485292041
6.116817238
6.018612797
6.061970968
6.205605770000001
7.000108234
6.606072991
6.168568191
6.027084058999999
6.014145618
6.178591865
6.046244665
6.38289742
6.297118196
6.145285639
6.189649417
6.539878805
6.409266875
6.7627017039999995
7.468035951
7.251685445
6.408422464
6.096414396
6.390987868
6.2343081510000005
6.325711763
6.326618761
7.283594351
6.808840484
6.048703489
6.125571435
6.119147437
6.137906028
6.149456797
6.140842434
6.139443079
6.065503184
6.098233134
6.123278676
6.170578388
6.174728915
6.4934662
6.177589209
6.222399346
6.139379146
6.15822385
6.146708806
6.176859895
6.179493423
6.163897225
6.125352594
6.145188282
6.1171863
6.158148918
6.143366324
6.115441617
6.020168497
6.308961675
6.211125915
6.384476689
6.299579941999999
6.053834471
6.526262235
6.161030749
7.540784695
6.590447413
6.3275309889999996
6.138356561
6.060838671
6.179843377
6.481550348
6.2077270030000005
6.234621511
6.241709592
6.146945029
6.197508526
6.214406231
6.362645434
6.378508417
6.149301255
6.236043159
6.128165796
6.501953003
6.066597862
6.416440212
6.31615778
6.643487539
6.404202511
6.392255867
6.460392735
6.229488019
6.437918966
6.127677366
6.184424253
6.191540168
6.112821037
6.289946145
6.189439345
6.324474129
6.3557754410000005
6.085124552
5.9602778050000005
6.052852293
6.158868195
6.324910927
6.117527769
6.371470189
6.294992649
6.101218449
6.187464074
6.065133495
6.183585638
6.275237271
6.115363591
6.52103169
6.170487563
6.230954483
